[gd_scene load_steps=13 format=2]

[ext_resource path="res://main.gd" type="Script" id=1]
[ext_resource path="res://Camera.cs" type="Script" id=2]
[ext_resource path="res://test/TextureRect.tscn" type="PackedScene" id=3]
[ext_resource path="res://ui/test.gd" type="Script" id=4]
[ext_resource path="res://test/reticule.tscn" type="PackedScene" id=5]
[ext_resource path="res://themes/main.tres" type="Theme" id=6]
[ext_resource path="res://entities/Cruiser/Cruiser.tscn" type="PackedScene" id=7]
[ext_resource path="res://entities/player/PlayerController.tscn" type="PackedScene" id=8]
[ext_resource path="res://entities/bot/Bot.tscn" type="PackedScene" id=9]
[ext_resource path="res://entities/bot/AI_Controller.tscn" type="PackedScene" id=10]

[sub_resource type="Environment" id=2]
background_mode = 1
ambient_light_energy = 0.0
glow_enabled = true
glow_levels/2 = true
glow_levels/3 = false
glow_levels/5 = false
glow_levels/7 = true
glow_blend_mode = 0

[sub_resource type="ViewportTexture" id=3]
viewport_path = NodePath("Camera/VP")

[node name="Spatial" type="Spatial"]
transform = Transform( 1, 6.02574e-05, -5.53705e-05, -6.02574e-05, 1, -8.75193e-06, 5.53705e-05, 8.75193e-06, 1, 0, 0, 0 )
script = ExtResource( 1 )

[node name="World" type="WorldEnvironment" parent="."]
environment = SubResource( 2 )

[node name="Bullets" type="Spatial" parent="World"]
transform = Transform( 1, 0, 0, 0, 1, 0, 0, 0, 1, 0.00692081, -0.0114179, -0.00531507 )

[node name="Effects" type="Spatial" parent="World"]

[node name="Camera" type="Spatial" parent="."]
transform = Transform( 1, 7.42961e-13, 0, 9.3231e-13, 1, 9.09495e-13, 0, 0, 1, 0, 0, 0 )
script = ExtResource( 2 )

[node name="Visuals" type="Camera" parent="Camera"]
transform = Transform( 1, -4.83108e-10, -5.27507e-10, 9.32254e-13, 1, 3.33603e-09, 0, 0, 1, 0, 0, 0 )
doppler_tracking = 2
current = true
near = 0.1
far = 500.0

[node name="TextureRect" parent="Camera" instance=ExtResource( 3 )]
visible = false
texture = SubResource( 3 )

[node name="VP" type="Viewport" parent="Camera"]
size = Vector2( 1024, 600 )
transparent_bg = true
hdr = false
usage = 0
render_target_v_flip = true
render_target_update_mode = 3
gui_disable_input = true
gui_snap_controls_to_pixels = false
script = ExtResource( 4 )

[node name="Z" parent="Camera/VP" instance=ExtResource( 5 )]

[node name="Terminal" type="Label" parent="Camera/VP"]
margin_right = 65.0
margin_bottom = 189.0
theme = ExtResource( 6 )
custom_colors/font_color = Color( 0.368627, 1, 0.2, 1 )
text = "TEST
 
TEST 

TEST"
valign = 2

[node name="Player" parent="." instance=ExtResource( 7 )]
transform = Transform( -0.100368, -7.50102e-05, -0.99495, -5.75976e-05, 1, -6.95835e-05, 0.99495, 5.03269e-05, -0.100368, 66.6073, 0.00401355, -0.00368812 )
mass = 200.0
health = 1000

[node name="Controller" parent="Player" instance=ExtResource( 8 )]
transform = Transform( 1, 0, 0, 0, 1, 0, 0, 0, 0.999999, 0, 0, 0 )

[node name="DirectionalLight" type="DirectionalLight" parent="."]
transform = Transform( 1, 0, 0, 0, 0.356474, 0.934305, 0, -0.934305, 0.356474, 0, 6.40039, 28.0821 )

[node name="_Effects" type="Node" parent="."]

[node name="_Entities" type="Node" parent="."]

[node name="Bot" parent="_Entities" instance=ExtResource( 9 )]
transform = Transform( 1, 6.02574e-05, -5.53705e-05, -6.02574e-05, 1, -8.75193e-06, 5.53705e-05, 8.75193e-06, 1, 0, 0, 0 )

[node name="Spatial" parent="_Entities/Bot" instance=ExtResource( 10 )]

[node name="Bot2" parent="_Entities" instance=ExtResource( 9 )]
editor/display_folded = true
transform = Transform( -0.857305, -0.514808, 5.19763e-05, 0.0718279, -0.119514, 0.990231, -0.509773, 0.848934, 0.139438, 0, 0, -27.8631 )

[node name="Spatial" parent="_Entities/Bot2" instance=ExtResource( 10 )]

[node name="Bot3" parent="_Entities" instance=ExtResource( 9 )]
editor/display_folded = true
transform = Transform( 0.660578, 3.3237e-05, -0.750758, -6.02574e-05, 1, -8.75193e-06, 0.750758, 5.10182e-05, 0.660578, 0, 0, 19.8642 )

[node name="Spatial" parent="_Entities/Bot3" instance=ExtResource( 10 )]

[node name="Bot4" parent="_Entities" instance=ExtResource( 9 )]
editor/display_folded = true
transform = Transform( 1, 6.02574e-05, -5.53705e-05, -6.02574e-05, 1, -8.75193e-06, 5.53705e-05, 8.75193e-06, 1, 21.4286, 0, 0 )

[node name="Spatial" parent="_Entities/Bot4" instance=ExtResource( 10 )]
