[gd_scene load_steps=11 format=2]

[ext_resource path="res://main.gd" type="Script" id=1]
[ext_resource path="res://Camera.cs" type="Script" id=2]
[ext_resource path="res://HUD.cs" type="Script" id=3]
[ext_resource path="res://entities/bot/Bot.tscn" type="PackedScene" id=4]
[ext_resource path="res://entities/player/PlayerController.tscn" type="PackedScene" id=5]
[ext_resource path="res://entities/bot/AI_Controller.tscn" type="PackedScene" id=6]
[ext_resource path="res://effects/mod.tscn" type="PackedScene" id=7]
[ext_resource path="res://entities/Turret/Turret.tscn" type="PackedScene" id=8]

[sub_resource type="ProceduralSky" id=1]
radiance_size = 3
sky_top_color = Color( 0.0823529, 0.0196078, 0.0588235, 1 )
sky_horizon_color = Color( 0.137255, 0.0392157, 0.0941176, 1 )
ground_bottom_color = Color( 0.0470588, 0.0666667, 0.0862745, 1 )
ground_horizon_color = Color( 0.211765, 0.0156863, 0.207843, 1 )
ground_curve = 0.0168179

[sub_resource type="Environment" id=2]
background_mode = 2
background_sky = SubResource( 1 )
ambient_light_energy = 0.0
glow_enabled = true
glow_levels/2 = true
glow_levels/3 = false
glow_levels/5 = false
glow_levels/7 = true
glow_blend_mode = 0

[node name="Spatial" type="Spatial"]
transform = Transform( 1, 6.02574e-05, -5.53705e-05, -6.02574e-05, 1, -8.75193e-06, 5.53705e-05, 8.75193e-06, 1, 0, 0, 0 )
script = ExtResource( 1 )

[node name="World" type="WorldEnvironment" parent="."]
editor/display_folded = true
environment = SubResource( 2 )

[node name="Bullets" type="Spatial" parent="World"]
transform = Transform( 1, 0, 0, 0, 1, 0, 0, 0, 1, 0.00692081, -0.0114179, -0.00531507 )

[node name="Effects" type="Spatial" parent="World"]

[node name="Camera" type="Spatial" parent="."]
editor/display_folded = true
transform = Transform( 1, 7.42961e-13, 0, 9.3231e-13, 1, 9.09495e-13, 0, 0, 1, 0, 0, 0 )
script = ExtResource( 2 )

[node name="Visuals" type="Camera" parent="Camera"]
transform = Transform( 1, -4.83108e-10, -5.27507e-10, 9.32254e-13, 1, 3.33603e-09, 0, 0, 1, 0, 0, 0 )
cull_mask = 1048543
doppler_tracking = 2
current = true
near = 0.1
far = 500.0

[node name="ViewportContainer" type="ViewportContainer" parent="Camera"]
margin_right = 1024.0
margin_bottom = 600.0
stretch = true

[node name="Viewport" type="Viewport" parent="Camera/ViewportContainer"]
size = Vector2( 1024, 600 )
transparent_bg = true
handle_input_locally = false
hdr = false
render_target_update_mode = 3

[node name="HUD" type="Camera" parent="Camera/ViewportContainer/Viewport"]
transform = Transform( 1, 6.02569e-05, -5.5371e-05, -6.02574e-05, 1, -8.74859e-06, 5.53705e-05, 8.75193e-06, 1, 0, 0, 0 )
cull_mask = 32
current = true
near = 0.1
far = 5000.0
script = ExtResource( 3 )

[node name="Player" parent="." instance=ExtResource( 4 )]
editor/display_folded = true
transform = Transform( 1, 7.42961e-13, 0, 9.3231e-13, 1, 7.27596e-12, 0, 0, 1, 106.622, 0.00412018, 80.9238 )

[node name="Controller" parent="Player" instance=ExtResource( 5 )]

[node name="Bot4" parent="." instance=ExtResource( 4 )]
editor/display_folded = true
transform = Transform( -0.177936, -4.81959e-05, 0.984042, 4.15427e-05, 1, 5.64922e-05, -0.984042, 5.09344e-05, -0.177936, 11.0357, 11.0927, 19.8407 )

[node name="Controller" parent="Bot4" instance=ExtResource( 6 )]

[node name="Bot7" parent="." instance=ExtResource( 4 )]
editor/display_folded = true
transform = Transform( 0.557854, -0.389426, -0.732903, -0.784395, 0.0411239, -0.618898, 0.271155, 0.920139, -0.282522, -44.53, 26.3096, 19.8436 )

[node name="Controller" parent="Bot7" instance=ExtResource( 6 )]
transform = Transform( 1, 2.98023e-08, 2.98023e-08, 0, 1, 0, 3.72529e-08, 2.98023e-08, 1, 0, 0, 0 )

[node name="Bot8" parent="." instance=ExtResource( 4 )]
editor/display_folded = true
transform = Transform( -0.718584, 0.000100349, 0.695441, 0.695427, -0.00610986, 0.718571, 0.00432115, 0.999981, 0.00432067, -44.5316, 11.089, -25.886 )

[node name="Controller" parent="Bot8" instance=ExtResource( 6 )]

[node name="Bot11" parent="." instance=ExtResource( 4 )]
editor/display_folded = true
transform = Transform( 0.00828945, -6.20122e-05, -0.999966, 7.0128e-05, 1, -6.14292e-05, 0.999966, -6.9613e-05, 0.00828936, -81.3885, 11.0869, -5.49318 )

[node name="Controller" parent="Bot11" instance=ExtResource( 6 )]

[node name="Bot5" parent="." instance=ExtResource( 4 )]
editor/display_folded = true
transform = Transform( -0.986467, 7.42795e-13, 0.163961, -1.39835e-11, 1, 2.72848e-12, -0.163961, -2.72848e-12, -0.986467, 19.054, -8.0297, 19.8407 )

[node name="Controller" parent="Bot5" instance=ExtResource( 6 )]
transform = Transform( 1, -4.54747e-13, 0, -3.29692e-12, 1, -9.09495e-13, 0, 9.09495e-13, 1, 0, 0, 0 )

[node name="Bot6" parent="." instance=ExtResource( 4 )]
editor/display_folded = true
transform = Transform( 0.65728, -9.93292e-05, 0.753647, 9.3887e-05, 1, 4.99189e-05, -0.753647, 3.79524e-05, 0.65728, -36.5108, -8.03305, 19.8438 )

[node name="Controller" parent="Bot6" instance=ExtResource( 6 )]
transform = Transform( 1, -4.54747e-13, 0, -3.29692e-12, 1, -9.09495e-13, 0, 9.09495e-13, 1, 0, 0, 0 )

[node name="Bot9" parent="." instance=ExtResource( 4 )]
editor/display_folded = true
transform = Transform( -0.986467, 7.42795e-13, 0.163961, -2.85354e-11, 1, 2.72848e-12, -0.163961, -2.72848e-12, -0.986467, -36.5133, -8.03345, -25.886 )

[node name="Controller" parent="Bot9" instance=ExtResource( 6 )]
transform = Transform( 1, -4.54747e-13, 0, -3.29692e-12, 1, -9.09495e-13, 0, 9.09495e-13, 1, 0, 0, 0 )

[node name="Bot10" parent="." instance=ExtResource( 4 )]
editor/display_folded = true
transform = Transform( -0.986467, 0.000118944, 0.163959, 0.163691, -0.0565005, 0.984893, 0.00938094, 0.998403, 0.0557165, -73.3713, -8.03567, -25.8839 )

[node name="Controller" parent="Bot10" instance=ExtResource( 6 )]
transform = Transform( 1, -4.54747e-13, 0, -3.29692e-12, 1, -9.09495e-13, 0, 9.09495e-13, 1, 0, 0, 0 )

[node name="mod" parent="." instance=ExtResource( 7 )]
transform = Transform( 0.892546, 0.449298, 0.0386417, -0.449138, 0.893365, -0.0132286, -0.0404647, -0.00554836, 0.999166, 79.9043, 0.404026, -24.0738 )

[node name="DirectionalLight" type="DirectionalLight" parent="."]
transform = Transform( 1, 0, 0, 0, 0.356474, 0.934305, 0, -0.934305, 0.356474, 0, 6.40039, 28.0821 )

[node name="Spatial" parent="." instance=ExtResource( 8 )]
transform = Transform( 1, 7.42961e-13, 0, 9.3231e-13, 1, 1.90994e-11, 0, 0, 1, 89.4219, 5.66947, 21.5531 )

[node name="Spatial2" parent="." instance=ExtResource( 8 )]
transform = Transform( 1, 6.9214e-05, 2.59721e-05, -2.004e-05, 0.591962, -0.805966, -7.11585e-05, 0.805966, 0.591962, 96.6109, 5.6699, 21.5527 )

[node name="Spatial3" parent="." instance=ExtResource( 8 )]
transform = Transform( 0.0934708, -0.99098, -0.0960326, 0.055188, 0.101464, -0.993307, 0.994091, 0.0875454, 0.064174, 107.975, 5.67065, 29.894 )
