[gd_scene load_steps=13 format=2]

[ext_resource path="res://main.gd" type="Script" id=1]
[ext_resource path="res://textures/bg.jpg" type="Texture" id=2]
[ext_resource path="res://Camera.cs" type="Script" id=3]
[ext_resource path="res://entities/Cruiser/Cruiser.tscn" type="PackedScene" id=4]
[ext_resource path="res://entities/player/PlayerController.tscn" type="PackedScene" id=5]
[ext_resource path="res://entities/bot/Bot.tscn" type="PackedScene" id=6]
[ext_resource path="res://entities/bot/AI_Controller.tscn" type="PackedScene" id=7]
[ext_resource path="res://textures/jupitermap.jpg" type="Texture" id=8]

[sub_resource type="PanoramaSky" id=1]
panorama = ExtResource( 2 )

[sub_resource type="Environment" id=2]
background_mode = 2
background_sky = SubResource( 1 )
ambient_light_energy = 0.0
tonemap_mode = 1
dof_blur_far_distance = 500.0
dof_blur_near_enabled = true
glow_levels/2 = true
glow_levels/3 = false
glow_levels/5 = false
glow_levels/7 = true
glow_blend_mode = 0

[sub_resource type="SpatialMaterial" id=3]
albedo_texture = ExtResource( 8 )

[sub_resource type="SphereMesh" id=4]
material = SubResource( 3 )
radius = 500.0
height = 1000.0

[node name="Spatial" type="Spatial"]
transform = Transform( 1, 6.02574e-05, -5.53705e-05, -6.02574e-05, 1, -8.75193e-06, 5.53705e-05, 8.75193e-06, 1, 0, 0, 0 )
script = ExtResource( 1 )

[node name="World" type="WorldEnvironment" parent="."]
environment = SubResource( 2 )

[node name="Bullets" type="Spatial" parent="World"]
transform = Transform( 1, 0, 0, 0, 1, 0, 0, 0, 1, 0.00692081, -0.0114179, -0.00531507 )

[node name="Effects" type="Spatial" parent="World"]

[node name="Camera" type="Spatial" parent="."]
transform = Transform( 1, 7.42961e-13, 0, 9.3231e-13, 1, 9.09495e-13, 0, 0, 1, 0, 0, 0 )
script = ExtResource( 3 )

[node name="Visuals" type="Camera" parent="Camera"]
doppler_tracking = 2
current = true
near = 0.1
far = 10000.0

[node name="Player" parent="." instance=ExtResource( 4 )]
transform = Transform( -0.100368, -7.50102e-05, -0.99495, -5.75976e-05, 1, -6.95835e-05, 0.99495, 5.03269e-05, -0.100368, 66.6073, 0.00401355, -0.00368812 )
mass = 200.0
health = 1000

[node name="Controller" parent="Player" instance=ExtResource( 5 )]
transform = Transform( 1, 0, 0, 0, 1, 0, 0, 0, 0.999999, 0, 0, 0 )

[node name="DirectionalLight" type="DirectionalLight" parent="."]
transform = Transform( 0.873208, 0.0144871, 0.487132, -2.37425e-05, 0.999559, -0.0296839, -0.487348, 0.0259087, 0.872824, 4.4005e-08, 6.40039, 28.0821 )
shadow_enabled = true

[node name="_Effects" type="Node" parent="."]

[node name="Bot2" parent="_Effects" instance=ExtResource( 6 )]
transform = Transform( 1, 0, 0, 0, 1, 0, 0, 0, 1, 12.2761, 0, 0 )

[node name="Spatial" parent="_Effects/Bot2" instance=ExtResource( 7 )]

[node name="Bot" parent="_Effects" instance=ExtResource( 6 )]

[node name="Spatial" parent="_Effects/Bot" instance=ExtResource( 7 )]

[node name="_Entities" type="Node" parent="."]

[node name="Planet" type="MeshInstance" parent="."]
transform = Transform( 0.878534, -0.430168, 0.207687, 0.469998, 0.700763, -0.536688, 0.0853265, 0.569111, 0.817822, -627.039, -280.009, 377.542 )
mesh = SubResource( 4 )
material/0 = null
